LLR                 
5.750225            
2.920033            
2.389124            
4.334175            
2.175470            
4.177464            
2.158048            
4.033098            
4.327350            
4.634222            
4.416573            
1.539520            
3.845172            
3.267797            
2.654283            
2.380143            
3.242042            
2.182428            
3.045973            
2.314039            
4.007038            
2.924026            
3.499969            
2.967263            
5.763001            
4.670178            
3.736713            
2.696519            
4.575546            
3.081945            
2.765512            
2.805634            
5.938665            
1.994730            
4.865659            
4.444465            
2.231267            
1.910041            
3.707184            
2.616974            
2.104761            
8.904646            
4.066180            
2.765512            
4.082092            
3.357793            
3.855678            
3.692384            
1.967520            
3.386530            
2.525240            
0.991218            
4.571078            
4.084525            
2.962259            
2.370610            
8.123843            
1.708602            
2.525240            
3.153428            
3.479570            
1.358803            
1.861612            
2.435224            
2.639231            
3.749890            
4.912954            
3.296521            
2.765512            
4.575546            
4.957780            
1.718520            
6.868075            
4.450321            
2.069996            
2.611255            
4.094586            
1.913822            
2.314039            
3.246796            
2.370610            
4.988285            
5.271177            
3.223932            
2.690324            
3.832475            
1.932510            
1.225979            
6.944063            
4.114336            
2.174742            
4.575546            
4.381332            
3.043553            
2.367297            
2.370610            
4.294237            
3.068776            
3.759100            
4.044132            
5.640270            
2.025224            
2.811096            
4.294237            
2.832439            
3.075199            
3.126025            
2.616974            
3.148301            
4.026135            
2.429528            
4.740653            
2.957460            
2.766854            
4.925661            
2.699833            
5.030466            
4.704284            
1.991740            
3.458394            
2.280769            
2.375792            
2.645050            
2.684016            
7.107555            
4.575546            
2.590338            
3.844919            
2.275914            
3.643687            
2.211794            
2.263466            
4.006125            
1.908952            
5.965873            
3.148301            
3.104246            
4.074920            
2.962872            
3.715831            
3.861900            
4.797503            
3.113730            
3.386530            
5.054753            
2.777388            
1.908300            
5.084044            
3.171769            
2.188530            
5.910833            
5.006785            
4.575546            
3.346598            
2.079251            
2.560199            
1.939233            
3.341395            
3.741278            
4.004727            
2.453866            
2.527232            
1.502521            
3.587709            
3.144300            
6.562982            
3.558072            
2.725903            
3.171769            
3.497515            
3.614414            
5.041644            
3.431619            
1.889675            
3.718066            
1.337010            
2.983946            
3.002245            
4.214701            
3.249607            
5.381684            
5.942567            
3.741278            
1.650752            
2.560199            
2.473853            
2.791575            
3.789869            
5.965873            
3.577763            
2.398545            
3.267159            
1.390134            
5.054753            
1.917582            
5.105425            
3.043553            
1.944253            
2.274264            
3.081945            
3.914496            
5.179284            
3.358642            
1.826749            
3.296521            
3.939874            
3.261169            
1.390134            
4.893498            
4.488137            
2.190848            
3.341068            
4.739877            
2.515469            
5.356937            
4.064541            
4.340037            
3.041531            
2.967263            
2.028311            
3.878209            
2.590044            
2.757259            
3.910187            
3.331322            
3.063516            
3.579092            
3.300094            
3.249607            
2.000353            
11.351611           
2.642427            
2.026364            
2.370610            
4.036168            
2.903864            
4.102495            
2.144073            
5.593330            
6.670818            
3.373369            
2.503698            
3.126025            
3.102736            
6.506192            
3.394288            
3.649766            
2.914677            
4.617121            
4.705942            
1.290144            
3.830255            
7.957341            
3.267797            
3.103359            
4.007038            
4.082497            
3.503423            
1.597758            
2.429528            
2.676510            
2.144073            
2.999894            
3.716712            
6.240835            
4.250059            
1.561331            
2.560199            
2.462997            
2.530076            
2.219237            
4.750132            
2.818207            
4.598742            
3.845975            
4.203183            
2.645050            
2.765512            
2.725903            
3.696901            
5.390041            
3.341068            
3.257166            
3.824350            
3.177351            
1.686934            
4.172019            
2.370610            
1.841144            
3.048710            
2.857588            
2.054240            
4.774730            
2.314039            
2.414991            
3.266206            
6.457727            
2.052315            
3.369667            
3.951387            
3.956245            
2.207660            
4.978387            
3.394288            
1.982381            
3.601838            
1.106872            
2.960752            
3.914496            
1.791131            
4.270977            
2.765512            
3.357793            
2.725903            
3.248260            
3.789131            
3.369970            
2.909545            
1.675656            
2.725903            
2.263595            
10.403989           
2.630385            
3.243177            
4.385219            
3.171769            
4.090732            
3.640427            
4.686742            
1.640162            
4.717396            
3.267797            
3.415503            
2.630385            
3.204136            
5.346174            
3.830410            
1.998404            
3.819748            
1.826749            
2.707923            
3.028338            
2.529035            
2.630385            
3.882586            
2.729123            
3.914496            
4.114336            
2.367297            
3.296521            
4.677304            
3.093875            
2.605908            
4.584436            
1.390134            
3.056902            
3.455572            
3.655653            
3.067542            
5.084044            
2.026364            
2.641105            
5.182699            
3.763633            
3.545983            
3.357793            
3.813093            
6.892605            
2.715682            
2.679778            
3.249607            
5.064569            
2.924026            
3.081792            
1.159402            
2.178770            
2.009588            
2.578695            
2.799320            
2.201156            
3.039430            
7.598734            
3.692384            
1.501175            
1.665167            
3.714261            
1.136423            
2.530884            
1.492167            
2.473853            
4.047728            
3.028338            
2.649861            
3.914496            
3.545983            
2.966498            
1.871265            
1.787910            
3.922334            
3.026127            
2.025224            
2.370610            
1.240780            
5.354527            
3.241792            
2.453866            
3.508433            
1.799011            
2.387144            
3.695389            
4.074920            
3.574488            
5.686517            
1.690459            
1.861982            
2.818207            
6.245380            
3.571218            
3.096893            
2.178192            
3.579662            
2.527232            
3.115271            
3.249607            
2.578209            
6.183843            
2.605908            
5.756572            
2.540293            
3.369667            
3.575892            
2.196154            
3.178607            
5.938665            
3.042425            
3.267159            
3.267159            
1.790937            
4.450321            
3.832475            
2.794490            
3.070680            
5.593215            
2.472145            
2.560199            
3.519234            
2.627389            
3.104246            
2.473853            
3.503423            
3.950294            
2.359525            
3.987568            
4.026135            
2.540293            
4.456643            
1.539274            
4.167870            
2.766854            
3.758642            
2.008637            
2.052315            
3.246973            
3.068776            
2.448556            
2.200034            
10.890263           
2.793037            
2.021719            
3.882586            
2.414991            
1.559574            
3.538306            
2.562369            
5.957945            
3.394288            
2.679778            
3.614414            
1.883832            
3.063516            
1.418242            
2.424755            
2.765512            
2.689294            
3.259051            
4.428679            
3.830410            
3.826256            
3.227020            
2.244492            
2.152671            
4.182481            
2.207076            
2.026364            
3.149262            
4.464390            
3.505895            
4.095210            
6.107674            
2.478191            
3.503423            
3.465110            
2.662390            
2.560199            
3.388456            
1.643807            
5.361425            
4.188456            
3.461755            
3.341068            
2.448548            
3.696901            
2.179210            
2.701805            
2.571917            
4.099281            
1.504145            
2.891255            
3.045973            
4.416573            
4.739877            
2.982951            
3.741278            
3.603000            
2.414991            
4.858817            
1.504145            
5.965873            
2.110464            
2.530076            
2.765512            
4.563532            
1.885106            
3.548137            
3.254609            
1.862467            
3.139238            
8.208628            
3.366107            
3.768521            
3.613981            
3.716712            
5.649709            
5.091444            
3.267159            
2.982681            
5.729926            
4.217187            
1.679696            
2.898834            
6.562982            
3.601838            
3.177351            
2.246819            
3.346598            
5.390041            
4.754390            
3.674641            
2.313921            
4.677304            
3.579223            
1.369822            
2.730122            
7.105045            
4.532116            
2.024132            
3.931581            
2.047231            
3.388456            
1.465669            
2.147924            
2.429528            
3.296013            
3.296657            
4.584436            
3.613981            
1.493734            
3.914496            
2.608036            
1.369822            
2.207076            
4.439584            
5.054753            
4.956366            
7.938248            
3.626430            
2.760079            
3.044293            
1.261727            
2.808750            
1.353230            
2.783824            
5.349093            
2.355332            
3.605436            
1.136541            
2.049476            
1.341164            
1.556643            
4.059126            
2.448548            
2.668713            
3.923537            
2.527232            
3.394288            
0.999433            
2.836244            
3.466916            
3.171769            
2.435305            
3.148301            
2.427405            
4.298996            
3.344582            
2.982951            
1.930879            
3.869448            
4.893498            
5.738287            
3.073427            
2.983799            
3.358657            
2.447183            
3.855678            
2.924026            
3.008883            
4.629784            
3.801007            
1.913661            
2.937672            
8.287391            
4.102495            
2.514080            
4.516877            
2.845930            
5.409802            
4.858817            
4.064541            
4.327350            
2.108459            
2.725903            
3.733625            
4.005348            
1.913661            
3.902189            
3.243177            
3.517416            
2.716360            
2.530884            
4.142758            
2.765512            
4.993521            
4.235671            
0.717124            
1.379657            
2.811022            
4.803473            
1.190290            
5.511374            
3.902189            
2.997013            
5.606939            
4.345393            
2.808750            
2.608036            
2.909493            
2.808750            
3.922334            
4.797605            
3.476784            
8.543022            
3.157971            
2.207660            
2.542261            
1.549720            
3.619135            
4.148046            
2.707923            
1.913661            
2.751633            
3.579223            
5.151841            
3.341068            
3.761758            
4.298996            
3.571218            
2.166031            
5.526193            
2.960438            
2.971348            
4.058512            
3.249607            
5.495761            
3.333731            
2.542095            
3.623185            
6.454342            
4.575546            
2.560199            
3.924313            
2.696519            
2.144073            
3.861900            
3.497515            
2.590338            
1.539245            
6.658936            
4.761375            
6.944063            
4.150398            
5.494173            
2.639231            
2.117846            
2.757259            
3.532042            
6.426839            
3.023677            
3.914496            
3.931581            
3.914496            
5.843864            
3.126025            
3.574488            
3.885925            
3.914496            
1.854995            
1.913661            
1.877771            
3.063516            
3.092678            
1.353230            
1.917587            
3.033141            
2.044980            
3.455572            
3.388456            
2.995005            
2.057747            
3.736713            
5.645021            
3.266761            
5.094234            
2.674988            
2.586956            
6.035544            
2.626655            
2.314685            
2.954005            
3.845975            
2.626672            
3.196464            
2.166031            
1.504145            
3.409191            
2.818207            
4.265724            
4.953073            
2.518863            
2.241396            
6.119760            
4.114858            
7.344971            
3.228929            
1.767205            
2.178770            
3.959332            
3.820766            
1.665167            
2.975069            
2.166867            
3.844919            
2.999894            
2.508745            
2.653695            
2.274866            
4.403092            
1.642422            
4.786767            
3.691700            
2.979324            
4.925661            
3.113730            
1.444702            
3.217517            
3.113730            
2.242013            
3.092678            
4.099281            
2.777388            
3.358657            
3.189919            
2.534191            
1.826749            
4.450077            
6.946039            
2.145468            
3.613981            
2.182428            
2.145468            
3.153428            
5.686517            
4.114336            
3.407624            
1.637865            
4.142758            
1.872748            
5.604476            
3.217517            
3.341068            
1.629437            
3.499969            
2.818207            
4.353468            
3.950294            
4.649425            
5.534342            
2.655248            
2.035840            
2.314039            
6.073011            
2.685699            
3.139238            
2.414991            
3.844083            
4.797605            
3.357793            
2.889402            
3.073427            
3.884175            
5.049116            
3.388318            
3.057774            
3.016435            
4.682949            
5.958592            
3.571218            
3.092932            
1.910041            
3.522224            
3.234657            
4.289259            
3.855678            
1.803643            
2.318470            
5.534350            
3.341068            
3.107542            
1.910041            
4.868325            
3.960048            
3.749890            
5.189643            
2.795069            
2.219237            
1.597758            
1.712600            
3.587709            
2.818207            
2.108459            
5.357364            
2.462997            
2.314685            
2.859729            
3.341068            
3.830410            
3.325246            
4.322710            
2.426771            
1.126216            
4.926737            
1.891400            
6.315551            
5.910833            
2.811096            
3.504203            
3.601838            
1.485183            
5.107083            
2.809785            
2.078219            
5.151416            
2.207076            
2.662390            
4.450321            
2.975069            
3.236807            
4.893498            
4.335589            
2.453866            
1.301369            
2.757259            
1.647724            
2.120496            
3.366511            
1.591024            
3.564063            
3.870490            
3.308975            
4.575546            
3.148301            
4.450077            
2.036569            
4.549153            
3.359265            
2.178192            
4.049870            
6.367621            
1.665237            
3.637961            
4.779099            
4.450321            
3.819748            
1.712600            
2.662390            
2.152671            
3.189919            
5.847361            
2.696519            
2.078219            
5.271177            
2.627389            
3.637429            
7.280259            
8.485956            
2.447183            
2.937672            
4.327188            
2.556251            
3.914496            
5.674604            
2.048482            
3.016435            
2.611580            
3.374837            
4.142758            
5.570933            
5.440925            
4.652594            
2.359525            
1.650780            
3.341068            
2.857035            
2.460922            
2.832439            
2.336692            
2.514080            
1.686934            
4.843853            
2.203647            
8.932490            
1.054390            
2.078219            
2.765512            
3.768521            
2.229846            
3.341068            
2.144073            
6.562982            
3.011676            
3.461755            
3.411270            
4.328064            
3.916903            
3.171769            
4.585602            
2.145324            
3.125076            
3.721981            
2.630385            
3.880796            
5.885518            
3.306877            
2.420526            
3.148301            
2.578209            
2.708898            
4.464870            
2.630385            
1.917582            
3.319217            
2.818207            
1.858573            
3.830410            
1.561331            
2.698296            
4.009593            
4.196627            
3.626430            
1.549757            
3.063516            
3.070680            
1.680521            
4.004209            
1.924391            
3.139238            
2.999894            
1.940469            
3.248379            
3.640427            
