1                   Kharkiv                         49.618818           36.444672           0                   2000/1/1          2000/12/31        1                   64.340286           1e-017              152                 54.82               2.77                3.18                296.00              T 
2                   IvanoFrankivsk                  48.769089           24.569663           291.88              2000/1/1          2000/12/31        9                   17.862069           0.00000136          138                 209.29              0.66                0.59                1250.00             F 
3                   KievCity                        50.450142           30.551970           152.96              2000/1/1          2000/12/31        5                   13.421818           0.0000743           191                 133.48              1.43                1.56                794.00              F 
4                   Rivne                           51.055490           26.578138           123.12              2000/1/1          2000/12/31        2                   12.560425           0.000161            11                  36.28               0.30                0.29                226.00              T 
5                   Donetsk                         48.016262           37.774319           0                   2000/1/1          2000/12/31        1                   11.112395           0.000594            48                  86.26               0.56                0.53                500.00              T 
6                   Zhytomyr                        50.660138           28.410725           0                   2000/1/1          2000/12/31        1                   10.281539           0.00125             49                  24.09               2.03                2.10                136.00              T 
7                   Sumy                            51.049191           34.036543           0                   2000/1/1          2000/12/31        1                   9.581097            0.00236             6                   23.60               0.25                0.25                136.00              T 
8                   Transcarpathia                  48.411377           23.291637           0                   2000/1/1          2000/12/31        1                   9.567207            0.00239             4                   19.81               0.20                0.20                114.00              T 
9                   Odessa                          47.257638           30.211073           133.05              2000/1/1          2000/12/31        2                   8.236082            0.0130              36                  64.90               0.55                0.53                364.00              T 
10                  KievCity                        50.450142           30.551970           137.17              2000/1/1          2000/12/31        3                   7.141071            0.0220              122                 86.92               1.40                1.47                523.00              T 
11                  Zaporizhzhya                    47.255934           35.773186           0                   2000/1/1          2000/12/31        1                   6.822092            0.0300              53                  30.88               1.72                1.77                182.00              T 
12                  Vinnytsya                       49.233793           28.479677           0                   2000/1/1          2000/12/31        1                   5.320680            0.0920              12                  26.84               0.45                0.44                159.00              F 
13                  Chernivtsi                      48.279644           25.933146           0                   2000/1/1          2000/12/31        1                   4.059378            0.270               13                  25.93               0.50                0.49                136.00              F 
14                  Dnipropetrovsk                  48.459903           35.000339           0                   2000/1/1          2000/12/31        1                   2.368574            0.798               43                  58.31               0.74                0.72                341.00              F 
15                  Lviv                            49.841129           24.045140           0                   2000/1/1          2000/12/31        1                   2.310017            0.814               28                  40.64               0.69                0.68                251.00              F 
