Kharkiv                         1                   1e-017              88                  22.93               3.84                4.77                296.00              88                  22.93               3.84                4.77                296.00              49.618818           36.444672           T 
IvanoFrankivsk                  2                   0.000000369         46                  92.54               0.50                0.42                1250.00             4                   9.79                0.41                0.40                136.00              48.769089           24.569663           T 
Transcarpathia                  2                   0.000000369         46                  92.54               0.50                0.42                1250.00             3                   8.38                0.36                0.35                114.00              48.411377           23.291637           T 
Ternopil                        2                   0.000000369         46                  92.54               0.50                0.42                1250.00             3                   6.49                0.46                0.46                91.00               49.418234           25.621058           T 
Chernivtsi                      2                   0.000000369         46                  92.54               0.50                0.42                1250.00             8                   10.58               0.76                0.75                136.00              48.279644           25.933146           T 
Lviv                            2                   0.000000369         46                  92.54               0.50                0.42                1250.00             13                  18.11               0.72                0.71                251.00              49.841129           24.045140           T 
Khmelnytskyy                    2                   0.000000369         46                  92.54               0.50                0.42                1250.00             6                   10.53               0.57                0.56                137.00              49.442444           26.988927           T 
Volyn                           2                   0.000000369         46                  92.54               0.50                0.42                1250.00             0                   8.77                0                   0                   113.00              51.200061           24.827734           T 
Vinnytsya                       2                   0.000000369         46                  92.54               0.50                0.42                1250.00             4                   11.64               0.34                0.34                159.00              49.233793           28.479677           T 
Rivne                           2                   0.000000369         46                  92.54               0.50                0.42                1250.00             5                   8.25                0.61                0.60                113.00              51.055490           26.578138           T 
Donetsk                         3                   0.00000617          10                  37.41               0.27                0.25                500.00              10                  37.41               0.27                0.25                500.00              48.016262           37.774319           T 
Zhytomyr                        4                   0.000915            28                  10.63               2.63                2.77                136.00              28                  10.63               2.63                2.77                136.00              50.660138           28.410725           T 
Mykolayiv                       5                   0.101               35                  19.57               1.79                1.87                249.00              21                  10.89               1.93                1.99                136.00              47.388430           31.966877           F 
Kirovohrad                      5                   0.101               35                  19.57               1.79                1.87                249.00              14                  8.68                1.61                1.64                113.00              48.518547           32.251375           F 
Cherkasy                        6                   0.520               3                   9.80                0.31                0.30                135.00              3                   9.80                0.31                0.30                135.00              49.201606           31.282261           F 
Kherson                         7                   0.746               3                   8.74                0.34                0.34                113.00              3                   8.74                0.34                0.34                113.00              46.666674           33.562914           F 
Chernihiv                       8                   0.837               2                   6.70                0.30                0.29                91.00               2                   6.70                0.30                0.29                91.00               51.334116           31.917964           F 
