1                   1                   1                   152                 54.82               2.77                3.18                296.00              
2                   1                   1                   138                 209.29              0.66                0.59                1250.00             
3                   1                   1                   191                 133.48              1.43                1.56                794.00              
4                   1                   1                   11                  36.28               0.30                0.29                226.00              
5                   1                   1                   48                  86.26               0.56                0.53                500.00              
6                   1                   1                   49                  24.09               2.03                2.10                136.00              
7                   1                   1                   6                   23.60               0.25                0.25                136.00              
8                   1                   1                   4                   19.81               0.20                0.20                114.00              
9                   1                   1                   36                  64.90               0.55                0.53                364.00              
10                  1                   1                   122                 86.92               1.40                1.47                523.00              
11                  1                   1                   53                  30.88               1.72                1.77                182.00              
12                  1                   1                   12                  26.84               0.45                0.44                159.00              
13                  1                   1                   13                  25.93               0.50                0.49                136.00              
14                  1                   1                   43                  58.31               0.74                0.72                341.00              
15                  1                   1                   28                  40.64               0.69                0.68                251.00              
