4.756756            
3.803725            
1.829156            
2.178725            
2.721025            
4.604866            
1.777624            
2.642918            
4.679689            
6.311808            
3.373629            
2.108160            
2.728293            
3.453781            
2.686118            
2.866004            
3.497640            
3.980667            
3.050893            
2.764613            
4.164188            
3.106728            
3.870002            
3.050893            
6.450227            
3.779072            
3.756886            
3.354901            
4.877925            
2.297679            
2.722519            
2.850440            
4.699124            
3.372094            
4.408155            
4.553828            
4.365159            
2.374194            
2.507550            
2.858626            
3.511264            
4.705797            
3.566199            
3.854755            
6.294266            
5.316180            
2.251676            
3.069815            
2.509107            
2.352174            
4.100315            
2.337348            
6.311808            
3.332578            
5.106038            
3.097842            
7.838334            
2.483375            
2.269388            
2.378255            
4.114050            
0.976017            
2.256764            
3.840062            
1.899862            
6.456862            
5.219041            
3.468208            
4.802043            
3.816236            
4.553828            
1.530622            
5.466155            
5.656932            
3.435928            
3.175750            
4.373108            
4.008759            
1.669552            
3.381453            
2.574552            
5.362394            
4.877925            
3.827687            
5.353612            
3.806423            
2.785489            
2.785740            
4.302610            
3.952382            
1.736012            
2.936571            
2.142390            
2.955257            
3.453375            
2.502213            
2.157867            
3.878638            
4.036130            
4.288547            
5.095201            
2.121204            
2.463701            
4.294619            
5.863049            
2.999542            
3.318992            
4.034611            
4.114050            
3.451223            
3.582677            
4.752048            
5.656932            
3.330838            
5.405350            
3.300419            
3.364243            
2.435151            
1.756991            
4.178519            
2.097355            
1.709544            
4.141329            
2.121204            
1.875034            
4.559677            
3.904531            
3.330838            
2.660829            
1.856885            
6.769019            
2.465288            
4.953656            
3.091743            
4.097956            
4.959363            
5.553136            
5.152696            
3.160987            
6.100794            
2.383152            
4.552267            
3.293216            
3.214967            
1.492119            
3.589951            
1.469482            
6.553337            
5.145440            
2.600534            
4.780687            
3.071094            
4.649372            
3.362641            
2.427094            
3.945638            
2.600534            
3.806423            
3.971413            
2.977912            
4.663905            
2.194919            
2.064768            
4.151547            
2.054505            
3.548233            
1.436702            
4.118798            
2.713997            
3.440340            
2.086336            
2.600759            
4.640855            
3.683612            
3.916447            
1.940016            
2.632586            
3.330331            
3.286142            
3.016694            
5.157496            
2.986721            
2.812954            
2.087772            
3.016694            
4.038739            
2.500027            
7.199742            
3.878638            
3.645877            
3.267574            
3.468208            
1.308005            
4.540863            
2.898833            
4.326866            
5.161965            
3.882889            
2.333815            
3.549418            
3.920854            
6.297457            
3.257588            
1.761081            
3.128667            
6.264174            
3.900352            
2.568895            
4.757097            
3.882889            
2.302769            
3.665528            
5.877712            
1.945194            
1.833217            
4.243540            
3.316627            
2.722519            
2.939799            
5.208228            
5.603119            
4.732045            
4.022540            
3.575995            
5.634375            
3.427600            
3.005147            
4.973188            
4.590445            
2.325776            
9.651517            
2.644023            
1.736799            
2.678388            
3.759246            
3.001258            
5.889278            
2.971162            
4.165500            
6.626646            
4.894782            
2.474822            
2.678388            
3.704523            
4.041079            
3.652384            
2.661761            
2.463701            
4.877925            
3.850757            
4.257903            
3.923763            
4.213956            
2.785740            
3.001681            
4.492731            
3.076458            
6.072004            
2.583286            
4.876836            
4.325091            
1.942122            
3.980667            
3.657458            
5.410096            
4.431444            
2.058234            
2.678388            
2.383152            
1.772666            
4.757486            
2.785740            
2.428680            
3.210305            
2.728293            
3.039510            
4.699124            
4.702309            
4.675939            
2.922687            
4.906736            
3.574405            
3.428074            
4.154704            
2.241441            
1.308352            
5.601395            
3.451223            
2.420833            
3.584750            
4.249515            
3.704817            
2.653241            
2.175156            
2.359695            
3.428074            
3.016694            
3.152293            
6.838047            
2.810504            
4.379631            
2.545282            
4.114050            
2.728293            
1.756991            
3.410878            
2.785740            
4.350078            
2.485985            
1.376914            
4.259154            
2.722519            
3.845020            
4.339373            
3.163567            
3.079242            
1.728817            
3.797334            
4.169387            
2.478277            
3.500026            
10.181855           
5.055491            
5.015026            
4.696725            
2.883897            
4.210267            
4.092558            
5.119954            
1.223313            
4.648940            
3.454922            
4.680592            
2.265294            
2.919878            
3.759246            
3.982369            
2.578825            
5.018320            
2.850826            
2.049564            
3.141442            
2.296327            
3.214967            
3.870476            
2.527829            
4.500013            
3.945638            
2.893748            
3.385859            
5.241331            
3.332578            
2.885838            
4.748546            
2.749076            
3.260431            
3.752354            
4.997116            
2.256764            
4.868423            
3.992807            
3.451223            
5.974690            
3.503311            
2.142390            
3.574405            
2.455121            
4.925600            
2.578660            
3.359327            
3.016694            
5.333839            
2.764613            
2.229435            
2.700468            
3.762414            
3.338276            
3.092516            
2.369582            
2.515309            
1.772899            
2.478277            
3.511264            
1.052187            
3.232658            
3.121622            
4.114050            
2.578825            
1.324208            
2.819707            
3.337360            
2.812954            
2.693207            
3.896994            
4.894782            
2.613713            
1.441302            
2.273773            
2.810667            
4.082495            
2.256764            
2.503243            
1.621795            
6.232332            
3.227340            
2.700468            
4.085115            
2.251676            
3.468208            
4.431444            
3.952382            
1.899862            
5.887099            
3.125559            
1.658733            
2.719070            
7.425686            
4.072688            
3.783840            
2.064802            
3.277889            
2.740824            
3.304325            
3.016694            
3.102077            
4.038635            
2.840298            
5.535558            
2.256764            
3.841447            
2.976149            
1.564436            
2.580923            
6.617705            
3.799793            
1.349294            
2.337355            
2.048303            
3.854755            
7.496434            
3.039939            
3.952382            
5.852153            
4.959597            
2.600534            
5.527908            
2.492468            
4.540817            
2.537533            
5.896553            
3.031036            
2.193859            
4.352267            
3.974732            
2.719622            
3.848031            
2.552183            
4.489865            
1.463138            
2.383152            
2.253900            
3.709141            
2.764613            
1.351137            
2.287631            
2.600534            
10.178930           
1.906147            
3.937422            
3.150564            
2.472644            
3.109281            
4.642299            
2.432641            
7.691786            
3.820071            
3.043812            
3.438835            
3.771300            
4.052177            
1.877643            
3.848524            
2.960979            
2.229241            
3.772266            
3.689051            
3.338276            
3.882889            
3.397847            
2.496473            
2.797534            
4.500033            
3.097842            
0.839188            
1.659964            
4.494908            
4.310984            
4.945172            
6.492574            
3.210305            
3.449211            
6.820956            
6.840447            
2.537533            
6.808459            
3.907389            
4.507869            
3.717461            
5.068117            
5.529931            
2.631261            
4.632831            
2.154116            
3.929501            
5.269596            
2.422952            
2.317148            
3.032762            
2.574381            
4.903993            
6.769019            
3.479880            
3.700593            
3.078640            
2.589743            
4.590747            
1.611281            
5.350840            
2.336740            
3.354901            
2.819057            
3.982369            
2.383152            
3.776061            
2.785740            
2.600534            
3.451223            
8.481402            
1.936728            
5.142033            
5.201496            
3.037687            
5.062697            
4.868423            
2.593758            
2.938612            
4.710598            
4.299001            
1.696601            
3.726833            
1.923669            
3.410878            
2.970671            
2.600534            
2.236665            
5.318113            
2.537533            
6.712884            
1.111123            
4.795455            
2.858626            
1.946128            
3.674260            
6.563008            
4.436933            
1.441411            
3.888597            
1.663277            
2.924855            
2.158637            
1.403961            
3.037687            
3.457365            
4.894256            
2.869909            
5.161965            
2.169572            
3.232066            
2.694950            
2.187807            
2.341051            
3.259846            
6.074776            
5.124678            
7.340540            
4.649372            
4.267974            
6.657981            
3.806423            
3.026516            
1.945538            
3.088908            
5.572680            
2.251676            
4.143022            
2.322998            
1.645204            
3.723680            
2.229435            
3.810265            
4.188410            
2.263358            
2.814948            
2.282642            
4.610001            
2.383152            
2.143111            
3.415410            
5.577810            
2.923351            
3.185955            
1.974515            
3.882656            
2.826974            
3.080262            
1.593281            
3.330838            
5.333839            
3.998208            
4.686094            
4.693476            
3.920854            
1.746217            
2.087772            
2.826974            
2.339954            
3.487476            
3.270081            
2.317148            
2.777387            
6.327893            
4.066795            
2.633451            
3.479880            
3.283614            
4.436933            
4.702309            
3.882682            
3.574405            
4.384157            
3.275396            
2.537533            
4.015228            
2.545267            
2.561772            
5.246357            
4.483167            
3.881222            
2.175156            
4.732045            
1.974515            
4.835881            
6.836009            
2.613713            
4.679689            
1.901400            
2.658595            
5.013016            
5.063551            
5.601395            
2.113162            
3.468208            
2.678596            
4.072496            
1.859610            
3.291239            
2.329687            
3.549418            
5.112307            
2.772561            
1.849310            
4.147305            
2.157867            
3.868176            
1.730178            
3.942841            
2.803730            
3.084630            
3.920854            
3.210305            
3.514435            
4.746062            
3.468208            
4.164193            
4.425221            
3.026516            
0.955774            
6.278819            
2.747280            
2.419093            
2.820368            
4.062817            
5.523038            
3.155156            
2.826787            
2.620024            
4.403160            
4.449485            
3.016694            
4.206861            
2.613713            
2.383152            
3.986810            
3.793783            
5.686407            
1.756991            
3.937422            
3.336705            
3.538781            
3.812729            
3.368047            
5.092080            
2.362524            
3.103088            
3.097842            
5.709918            
2.905824            
2.383152            
4.217105            
2.785740            
5.090889            
2.938612            
2.423086            
3.814213            
3.449211            
3.724632            
3.451223            
2.399143            
2.317148            
2.645567            
1.215215            
1.878357            
8.535835            
4.381770            
3.131360            
5.406105            
3.089500            
2.932968            
2.317148            
6.094980            
3.015207            
3.428074            
2.840592            
2.536242            
6.103985            
3.124717            
4.512431            
2.703240            
1.926561            
3.395122            
3.541902            
3.103913            
2.255040            
4.429148            
2.909815            
2.543656            
4.674913            
2.954047            
2.589641            
3.454468            
3.762342            
5.333839            
3.973096            
4.679689            
1.769773            
4.310103            
5.818522            
2.146283            
2.370000            
2.419370            
4.273996            
3.372094            
2.175156            
1.643274            
1.898065            
3.105924            
1.265127            
2.277522            
2.383653            
3.511342            
3.609132            
3.150564            
1.132693            
5.429217            
3.150564            
3.848031            
5.149163            
5.649687            
2.267776            
3.160987            
1.949669            
4.931910            
1.761081            
3.497640            
8.044652            
2.552183            
4.146663            
3.306812            
2.296327            
5.181390            
3.318463            
2.500027            
2.743867            
3.282752            
3.806423            
3.088199            
5.542253            
3.868662            
2.383152            
2.024796            
4.635324            
3.454468            
4.340603            
3.016694            
2.383653            
3.487476            
2.545267            
2.515713            
2.193859            
6.589764            
4.036655            
3.383664            
4.679689            
5.145538            
6.362811            
3.574405            
5.026454            
5.628505            
3.841104            
2.317148            
3.041405            
3.457365            
3.364243            
5.975108            
5.640580            
3.037687            
4.339830            
2.337355            
3.437479            
2.344169            
4.200147            
4.108497            
2.087772            
2.263358            
2.317148            
2.064106            
3.803725            
3.076463            
3.016694            
3.579064            
2.339256            
4.500013            
3.352096            
2.350287            
3.330838            
2.158637            
2.463701            
2.578660            
5.496086            
4.015228            
4.732045            
3.300419            
3.212046            
2.954047            
2.678388            
1.766067            
3.362641            
2.302769            
3.250555            
3.016694            
2.076617            
4.986330            
5.316180            
3.405280            
2.393242            
4.026097            
3.026516            
5.405350            
2.678388            
3.578604            
3.882889            
3.524795            
2.756947            
3.992939            
3.942841            
4.868423            
5.132000            
7.196762            
2.600534            
4.710598            
2.613713            
2.310862            
2.941247            
5.846946            
1.847799            
3.574405            
3.513469            
3.011325            
3.468208            
3.381453            
3.297416            
2.653241            
4.492731            
6.219106            
2.174221            
4.273996            
3.500885            
1.723424            
6.120310            
5.107143            
3.854755            
4.732045            
2.121204            
1.849375            
3.513469            
3.681090            
3.992939            
2.049564            
1.945194            
5.951964            
2.333815            
3.941773            
5.259208            
4.512574            
1.698042            
3.022484            
6.249227            
2.123466            
2.600534            
4.988873            
2.126776            
3.472526            
2.317148            
2.142217            
3.726677            
2.678956            
7.104542            
5.220215            
4.402502            
3.293760            
3.468208            
2.713997            
3.882656            
3.037687            
2.140407            
3.361069            
2.175156            
6.030799            
2.326104            
6.630651            
1.721677            
2.341051            
3.342392            
3.776458            
6.140316            
2.251676            
2.535847            
2.600534            
5.318113            
3.464728            
3.257588            
5.026454            
3.316627            
2.087966            
4.478970            
2.858626            
4.494906            
3.088908            
2.265294            
2.797103            
4.100203            
2.523014            
3.574709            
2.954047            
3.880430            
3.454468            
1.783540            
3.943312            
1.740571            
3.418764            
2.332109            
4.100315            
5.644420            
1.829433            
3.984375            
4.157272            
4.343090            
3.541902            
1.777624            
2.714278            
2.820368            
2.122952            
5.179130            
1.986960            
3.929323            
3.451223            
1.492119            
3.402773            
6.614532            
