5.420872            
2.865875            
2.981260            
4.543169            
1.541054            
3.666867            
3.252998            
4.530432            
4.643749            
3.958737            
3.296701            
3.956709            
2.928685            
3.526693            
2.633568            
4.890971            
7.661257            
1.651483            
2.467791            
2.878723            
3.377949            
4.446011            
3.970792            
2.854272            
3.407155            
2.619162            
3.255476            
2.506243            
2.928702            
3.979485            
2.510166            
2.981084            
1.915278            
2.182980            
3.559456            
6.902446            
3.969850            
2.864257            
3.193640            
3.685946            
2.610396            
4.873373            
3.679741            
3.841134            
3.922469            
3.998009            
1.718269            
3.179554            
1.443451            
5.145084            
2.252389            
3.735856            
4.438659            
3.790061            
3.260917            
2.628671            
2.564920            
2.433552            
2.554524            
1.669542            
5.877306            
1.471904            
6.135109            
1.814212            
3.192721            
4.082964            
5.073022            
5.896442            
4.317332            
3.709764            
4.905414            
3.442080            
4.849823            
4.132494            
2.698719            
2.829415            
1.562069            
3.955756            
4.573152            
4.757103            
1.833134            
5.479938            
7.126573            
4.229598            
3.885507            
3.679741            
2.672017            
3.350609            
5.382969            
3.946471            
1.875375            
3.745722            
2.480927            
2.216514            
2.040811            
2.387726            
2.112259            
3.451905            
5.518149            
3.771026            
4.536804            
2.465529            
2.510308            
3.925205            
3.080085            
1.919028            
3.267995            
1.954715            
3.367847            
3.146948            
2.437178            
2.213661            
4.377022            
4.338223            
3.374566            
2.947548            
3.205970            
5.208452            
2.612786            
3.233144            
3.523119            
1.238393            
3.660913            
2.829053            
3.791998            
4.161718            
2.941059            
1.419409            
4.881718            
3.910962            
12.964405           
1.181309            
5.994662            
3.794724            
2.794978            
4.442908            
2.106650            
3.526180            
3.075332            
5.382838            
4.779318            
3.755437            
4.499294            
2.969751            
3.248941            
5.509086            
4.406416            
6.188768            
2.979212            
3.991916            
4.774833            
2.840287            
3.891648            
2.222740            
3.429013            
2.328563            
1.833134            
6.414905            
4.224957            
2.981213            
2.969684            
2.827810            
2.299763            
3.339046            
2.562393            
3.355726            
3.925205            
3.638906            
3.529878            
2.267116            
2.272584            
2.372976            
4.030052            
1.710041            
4.275067            
2.852283            
4.659869            
3.834849            
3.367835            
3.005241            
8.862743            
3.526693            
2.536947            
2.663256            
2.476037            
3.201025            
1.612467            
7.101612            
3.352763            
2.797280            
2.740759            
2.216514            
2.620581            
3.681401            
4.541238            
5.080277            
3.468063            
3.623105            
2.902947            
2.245116            
4.492977            
5.144371            
2.014908            
4.407539            
2.709331            
2.992358            
3.023600            
1.114244            
2.934633            
3.529878            
2.047366            
3.203832            
3.451905            
3.157822            
5.298518            
4.340126            
5.948465            
2.403878            
4.053757            
2.796467            
4.077604            
4.263883            
2.803181            
4.340126            
5.122882            
4.174361            
3.446188            
3.829361            
4.573491            
1.750784            
3.901301            
1.833134            
2.585176            
2.897110            
3.432630            
3.013449            
3.455701            
3.535703            
2.267116            
4.017206            
1.962160            
1.510585            
3.158127            
2.576222            
4.969770            
3.418682            
4.612388            
2.591200            
3.943359            
7.364958            
3.852250            
3.549445            
3.500631            
2.717379            
3.620593            
2.856922            
4.044502            
3.855966            
1.572725            
4.136861            
5.518174            
2.764079            
2.524271            
3.535106            
6.234334            
2.978531            
3.384657            
2.941081            
1.962875            
2.499231            
3.634485            
5.431786            
2.034776            
3.021039            
2.847259            
3.094359            
4.132494            
3.534510            
3.414201            
2.542167            
3.817541            
6.561463            
3.352745            
5.073022            
1.695986            
1.399091            
2.854272            
2.538426            
1.227079            
3.238609            
3.751482            
1.570583            
1.968706            
3.305079            
1.841005            
3.457814            
2.854272            
2.709483            
4.860617            
3.535106            
4.634758            
1.675438            
3.367847            
2.854264            
1.975378            
3.350724            
0.911822            
2.664620            
3.833755            
3.648259            
3.602947            
2.878723            
3.034599            
5.351284            
1.854087            
1.850929            
2.633568            
2.270501            
1.108124            
3.027089            
5.226578            
7.645643            
4.198650            
3.814935            
6.142550            
2.616525            
5.878240            
4.530503            
4.751742            
1.491803            
2.505012            
3.513121            
2.692752            
1.891737            
3.703568            
3.531300            
1.401033            
1.943731            
3.799341            
2.387394            
2.306072            
3.349400            
3.361442            
3.190332            
4.408405            
2.602768            
6.272906            
3.948122            
3.146948            
3.910625            
2.973734            
1.446032            
3.237986            
7.186339            
1.586284            
3.609239            
3.896909            
4.767787            
4.323802            
3.959157            
3.386093            
4.814798            
6.236118            
2.568302            
3.656033            
3.638303            
1.875375            
2.221107            
2.145220            
2.989027            
3.224622            
3.709764            
2.009159            
4.318195            
3.570939            
2.912744            
2.062496            
1.923966            
2.546194            
4.130648            
2.137363            
4.345805            
3.637257            
1.780661            
2.201807            
3.111420            
3.367847            
3.279143            
2.245116            
2.755811            
2.947548            
2.861591            
3.114140            
4.850744            
2.561491            
3.102253            
3.504414            
2.871353            
1.932662            
3.233222            
1.825452            
1.995440            
5.749474            
3.765469            
3.152864            
2.356209            
3.468231            
1.708175            
6.116593            
4.756807            
2.829798            
2.014908            
6.815492            
5.355036            
1.875375            
3.396943            
9.697262            
1.536689            
2.149871            
2.216218            
2.568302            
2.058065            
2.126971            
4.067363            
3.091705            
3.395785            
1.723275            
3.881191            
3.383465            
5.163748            
1.756643            
2.635844            
6.464331            
4.380624            
5.913065            
3.684697            
2.089650            
1.905214            
4.515262            
7.431719            
3.412227            
3.200674            
6.779010            
2.978531            
2.387726            
10.808063           
1.226186            
5.429601            
1.756643            
2.413367            
2.729216            
1.823596            
2.499487            
7.113953            
3.376875            
3.636773            
2.578906            
5.770873            
1.833134            
2.433693            
3.795521            
2.969751            
2.135483            
2.217400            
2.439000            
2.281543            
9.178956            
3.344126            
2.442233            
3.355238            
2.644428            
6.581205            
2.999201            
2.672447            
4.058131            
4.999549            
3.138091            
2.408554            
1.853368            
4.517804            
1.046874            
2.970022            
1.871995            
1.840263            
3.943933            
3.153811            
3.735856            
2.435308            
1.580519            
3.237915            
4.198650            
4.832228            
2.854901            
1.192953            
3.849089            
3.619056            
3.607871            
6.837934            
3.695986            
5.514365            
4.056913            
2.032486            
3.355238            
1.985135            
2.094850            
2.342040            
4.199285            
3.580956            
5.764705            
2.933709            
4.958846            
3.234995            
3.649819            
1.962813            
4.692527            
2.538426            
1.410702            
3.817711            
2.675735            
2.448551            
4.457098            
3.197584            
4.177673            
3.337524            
2.812047            
2.854264            
7.111805            
4.722321            
4.058977            
2.912744            
3.548003            
4.645040            
1.919028            
2.933004            
2.834415            
2.854884            
2.464136            
8.973277            
1.582846            
3.968934            
4.617454            
3.552010            
3.403480            
2.921009            
4.869623            
2.598676            
2.941964            
1.161388            
1.745185            
2.125466            
4.297412            
5.163509            
2.663256            
2.562264            
4.659496            
4.402850            
2.106378            
5.148380            
1.269742            
4.755343            
2.946191            
3.479339            
8.291985            
8.689667            
2.740436            
4.381415            
4.364818            
1.698961            
2.729792            
1.816660            
3.624389            
3.172635            
3.361851            
2.834397            
5.209550            
4.016506            
1.492534            
2.574770            
1.519946            
2.231509            
3.034599            
4.237813            
5.124481            
3.683612            
5.493797            
2.970675            
2.229562            
3.958028            
2.872202            
2.676982            
1.172881            
3.502620            
5.204246            
2.334715            
3.307105            
2.089950            
1.218835            
2.270236            
1.750766            
4.012804            
5.286520            
2.546194            
4.153156            
2.458105            
3.352763            
3.905406            
2.135483            
2.003787            
4.179372            
2.356545            
2.013017            
2.477007            
4.730621            
4.956613            
3.442080            
2.098728            
4.580869            
4.909962            
3.248770            
4.314969            
2.014908            
2.423823            
2.408554            
8.320941            
6.126792            
2.524271            
3.286106            
3.075332            
4.681315            
4.662284            
4.553197            
4.813898            
3.433592            
3.581896            
3.833755            
4.946643            
6.621955            
4.546842            
3.202156            
3.527249            
4.118299            
4.689517            
3.030477            
2.329729            
2.528559            
6.493256            
4.756807            
1.954321            
2.408554            
6.005363            
2.088405            
3.842557            
6.019412            
2.342642            
4.305546            
3.147359            
4.263883            
3.523085            
7.915336            
3.636773            
2.185586            
1.281428            
3.681599            
1.709560            
4.185431            
2.762324            
4.177673            
3.405679            
5.046291            
2.576501            
8.657119            
2.591254            
1.985135            
3.174870            
1.962813            
3.164394            
4.492977            
3.846728            
2.539669            
3.021039            
3.883562            
7.319262            
2.985936            
4.244456            
2.900441            
5.087812            
2.297909            
5.110458            
3.046685            
4.482316            
2.524271            
3.896451            
5.819514            
2.912744            
4.150088            
5.182802            
3.034599            
4.043553            
3.074023            
4.346604            
2.438157            
3.553992            
3.313039            
2.430761            
2.635844            
1.779091            
6.475645            
3.375047            
3.484667            
3.803970            
3.005990            
2.334715            
1.825452            
1.942867            
2.295167            
4.851109            
4.257712            
2.349327            
4.588178            
3.826161            
3.517957            
5.889247            
1.695986            
3.114390            
2.750675            
3.549190            
3.817711            
2.592355            
2.615397            
3.390643            
2.138687            
1.701202            
3.760353            
5.349857            
2.464537            
3.605354            
4.055121            
1.761898            
2.359689            
6.938501            
3.942566            
2.084537            
3.782882            
1.946896            
5.159641            
3.109723            
2.523187            
2.734101            
2.531510            
2.934633            
2.794978            
2.403878            
4.890896            
4.581313            
3.030776            
4.399970            
2.796915            
2.619162            
3.082778            
2.947517            
4.796727            
4.538094            
2.875592            
4.643749            
3.523085            
5.200895            
3.480866            
1.848922            
2.415099            
3.725836            
4.957384            
9.703505            
1.756439            
2.871353            
4.391723            
6.251844            
1.717854            
3.805686            
4.549153            
3.348544            
3.322114            
3.420750            
1.361711            
2.015557            
4.081414            
2.300316            
5.839803            
3.960256            
2.222740            
3.337524            
3.352993            
3.205970            
2.360681            
4.457098            
9.837339            
2.554432            
2.969684            
2.681014            
4.058281            
3.987998            
3.187074            
6.185118            
3.604857            
3.189796            
4.062439            
3.024855            
4.058977            
3.260200            
2.349327            
1.880093            
3.096685            
4.685978            
2.267116            
3.863309            
3.045497            
6.669821            
1.363219            
2.214142            
2.734101            
3.219912            
2.546194            
3.557081            
5.181539            
7.036393            
3.254265            
2.387726            
4.594609            
5.390411            
3.296210            
2.144413            
3.021039            
2.145913            
3.824423            
4.411184            
2.875592            
2.423823            
3.205975            
2.460597            
3.840245            
1.825452            
3.316173            
6.197726            
4.813213            
2.585176            
3.662952            
2.921009            
1.963438            
3.109793            
3.163056            
3.570939            
3.615786            
4.875274            
3.791255            
2.309450            
2.474193            
2.351140            
2.854264            
2.314923            
4.408829            
6.276161            
4.263883            
3.075437            
2.145220            
3.570939            
5.097953            
2.002668            
3.295572            
1.605046            
3.287969            
5.530567            
1.894848            
7.734331            
5.024807            
1.960998            
3.676778            
3.496812            
1.744091            
5.955406            
1.719459            
2.408360            
3.689505            
3.271825            
4.002830            
3.272532            
1.962813            
4.451753            
6.238818            
2.957523            
3.151609            
3.695986            
1.870297            
2.633430            
2.337293            
6.610470            
4.692527            
6.236557            
2.527968            
2.886240            
3.582888            
4.312212            
1.870297            
1.679511            
4.442927            
4.997982            
3.997292            
3.499119            
4.570633            
1.536689            
3.164934            
3.502119            
3.636773            
3.757429            
2.561700            
2.827545            
4.168278            
2.997668            
4.258163            
7.141102            
3.703757            
5.941115            
3.797043            
4.408462            
5.388680            
3.520683            
2.779630            
3.810113            
4.248350            
2.757455            
2.835734            
5.110458            
4.839553            
2.863337            
4.480074            
2.139572            
3.883562            
3.339046            
3.760353            
3.407890            
3.601071            
2.197378            
2.933709            
6.678520            
4.097462            
3.234313            
4.142626            
3.732555            
2.785459            
4.429069            
1.782732            
3.068644            
3.650986            
2.638525            
4.212372            
4.650493            
2.558738            
4.813213            
3.806306            
5.951868            
1.855989            
3.205970            
4.793187            
3.701613            
3.540735            
2.267116            
4.059378            
5.575644            
3.114140            
4.496521            
1.700247            
1.496208            
2.578244            
3.573091            
2.474193            
2.558738            
2.848589            
2.638525            
4.709848            
5.159464            
2.565450            
3.367967            
4.115719            
4.186040            
6.023353            
2.230131            
2.069274            
3.830008            
3.990633            
1.825452            
2.843086            
3.912638            
2.981202            
2.387726            
2.342642            
3.590603            
3.256894            
5.022449            
1.921527            
3.233222            
5.082819            
