4.329683            
3.145472            
2.638934            
5.282551            
2.783140            
3.651458            
5.243006            
2.024215            
2.413039            
5.961407            
2.618524            
1.904699            
3.708942            
3.858348            
3.565986            
1.819790            
2.587348            
2.186877            
3.742925            
2.027180            
2.181791            
1.924465            
4.873310            
3.829235            
5.261637            
3.700177            
3.679339            
5.628463            
2.186877            
3.640945            
3.679339            
2.652419            
2.592881            
3.222257            
4.163592            
4.274699            
3.158832            
2.383584            
2.609064            
3.624294            
1.614537            
4.889585            
2.994398            
2.800865            
7.744834            
2.123176            
4.286834            
2.857985            
2.678492            
3.679339            
5.243006            
2.477140            
5.050336            
4.715538            
2.495072            
2.507825            
3.272693            
2.495810            
2.495072            
2.764208            
2.716499            
1.594517            
3.122937            
2.609064            
3.679339            
4.400332            
4.748235            
3.603528            
5.258459            
5.746344            
3.458179            
5.051080            
3.112751            
4.010273            
2.408173            
3.134043            
5.069765            
4.257753            
2.966591            
3.065576            
2.434316            
2.820657            
5.199870            
4.942919            
3.203775            
3.683532            
4.734268            
3.849880            
5.496695            
3.316216            
1.776692            
2.815333            
3.559585            
2.984484            
1.741821            
3.850000            
1.941653            
4.442509            
2.703821            
4.113845            
4.205707            
3.397201            
2.815333            
2.457732            
2.977020            
2.428182            
2.431337            
4.101671            
3.166195            
5.047251            
3.061918            
2.812621            
4.362960            
4.020987            
4.104244            
2.635640            
5.195052            
4.621964            
1.884923            
3.173584            
2.414960            
1.198703            
3.096169            
3.920962            
2.527068            
6.287814            
4.331888            
3.573503            
2.839382            
2.131024            
1.175790            
2.383479            
4.225341            
3.289518            
6.317171            
5.746344            
3.710082            
4.675886            
2.242591            
2.453484            
2.130194            
4.675886            
3.162200            
4.376538            
4.994362            
3.775448            
2.897173            
4.570130            
4.442509            
2.908837            
7.663158            
4.128365            
3.634021            
4.583078            
3.264368            
2.646558            
3.135935            
7.291130            
3.740462            
2.579785            
4.712072            
2.800865            
3.763695            
2.329124            
2.812621            
10.553583           
3.536229            
2.399728            
4.442509            
4.302721            
2.489857            
6.202355            
3.765508            
3.525107            
7.164178            
3.239125            
4.797298            
3.928047            
3.774872            
3.700177            
9.406130            
2.539475            
2.898693            
2.440518            
2.439441            
2.439441            
1.776692            
3.068373            
4.608051            
4.211285            
3.381674            
2.579785            
2.333803            
3.789319            
3.191934            
4.315457            
5.005165            
2.351816            
2.543844            
3.122074            
3.586810            
6.504866            
4.100197            
2.633065            
3.955679            
5.367721            
2.845080            
1.925937            
5.223912            
3.506069            
3.929744            
4.254205            
4.113338            
2.659084            
5.378611            
3.562897            
3.435735            
4.539003            
3.921158            
2.754047            
4.962298            
2.951753            
1.973976            
3.262505            
4.628441            
3.679339            
1.904699            
3.586810            
4.163592            
2.368491            
7.839077            
2.413039            
1.476373            
2.333319            
1.390700            
4.286208            
5.845149            
3.506069            
3.825205            
4.382777            
4.781087            
4.969396            
2.857824            
2.235702            
3.536229            
3.461355            
2.621267            
2.815333            
4.613224            
4.992311            
2.873260            
4.783722            
5.706456            
3.586810            
2.579785            
2.339415            
2.674451            
1.916193            
2.845734            
3.228177            
4.222466            
1.941653            
3.023672            
2.368411            
5.344738            
5.170841            
2.951753            
4.163592            
3.566154            
2.443048            
2.033132            
7.613841            
