Rivne                           1                   0.184               0                   4.62                0                   0                   113.00              0                   4.62                0                   0                   113.00              51.055490           26.578138           F 
Sumy                            2                   0.272               5                   14.23               0.35                0.33                386.00              2                   4.94                0.41                0.40                136.00              51.049191           34.036543           F 
Poltava                         2                   0.272               5                   14.23               0.35                0.33                386.00              1                   5.66                0.18                0.17                159.00              49.780133           33.851997           F 
Chernihiv                       2                   0.272               5                   14.23               0.35                0.33                386.00              2                   3.64                0.55                0.54                91.00               51.334116           31.917964           F 
Kiev                            3                   0.349               29                  17.08               1.70                1.83                432.00              12                  7.50                1.60                1.64                185.00              49.995278           30.330974           F 
KievCity                        3                   0.349               29                  17.08               1.70                1.83                432.00              17                  9.58                1.77                1.86                247.00              50.450142           30.551970           F 
Crimea                          4                   0.397               18                  9.01                2.00                2.11                227.00              18                  9.01                2.00                2.11                227.00              45.378373           34.118290           F 
Khmelnytskyy                    5                   0.989               9                   14.87               0.61                0.58                387.00              4                   5.30                0.75                0.75                137.00              49.442444           26.988927           F 
Ternopil                        5                   0.989               9                   14.87               0.61                0.58                387.00              2                   3.55                0.56                0.56                91.00               49.418234           25.621058           F 
Vinnytsya                       5                   0.989               9                   14.87               0.61                0.58                387.00              3                   6.02                0.50                0.49                159.00              49.233793           28.479677           F 
IvanoFrankivsk                  6                   0.993               10                  5.86                1.71                1.75                136.00              10                  5.86                1.71                1.75                136.00              48.769089           24.569663           F 
