Kharkiv                         1                   1e-017              152                 54.82               2.77                3.18                296.00              152                 54.82               2.77                3.18                296.00              49.618818           36.444672           T 
IvanoFrankivsk                  2                   0.00000136          138                 209.29              0.66                0.59                1250.00             26                  21.05               1.24                1.24                136.00              48.769089           24.569663           F 
Transcarpathia                  2                   0.00000136          138                 209.29              0.66                0.59                1250.00             4                   19.81               0.20                0.20                114.00              48.411377           23.291637           F 
Ternopil                        2                   0.00000136          138                 209.29              0.66                0.59                1250.00             17                  15.00               1.13                1.14                91.00               49.418234           25.621058           F 
Chernivtsi                      2                   0.00000136          138                 209.29              0.66                0.59                1250.00             13                  25.93               0.50                0.49                136.00              48.279644           25.933146           F 
Lviv                            2                   0.00000136          138                 209.29              0.66                0.59                1250.00             28                  40.64               0.69                0.68                251.00              49.841129           24.045140           F 
Khmelnytskyy                    2                   0.00000136          138                 209.29              0.66                0.59                1250.00             27                  23.73               1.14                1.14                137.00              49.442444           26.988927           F 
Volyn                           2                   0.00000136          138                 209.29              0.66                0.59                1250.00             6                   18.05               0.33                0.33                113.00              51.200061           24.827734           F 
Vinnytsya                       2                   0.00000136          138                 209.29              0.66                0.59                1250.00             12                  26.84               0.45                0.44                159.00              49.233793           28.479677           F 
Rivne                           2                   0.00000136          138                 209.29              0.66                0.59                1250.00             5                   18.24               0.27                0.27                113.00              51.055490           26.578138           F 
KievCity                        3                   0.0000743           191                 133.48              1.43                1.56                794.00              52                  42.19               1.23                1.25                247.00              50.450142           30.551970           F 
Kiev                            3                   0.0000743           191                 133.48              1.43                1.56                794.00              51                  29.90               1.71                1.75                185.00              49.995278           30.330974           F 
Chernihiv                       3                   0.0000743           191                 133.48              1.43                1.56                794.00              19                  14.83               1.28                1.29                91.00               51.334116           31.917964           F 
Cherkasy                        3                   0.0000743           191                 133.48              1.43                1.56                794.00              20                  22.47               0.89                0.89                135.00              49.201606           31.282261           F 
Zhytomyr                        3                   0.0000743           191                 133.48              1.43                1.56                794.00              49                  24.09               2.03                2.10                136.00              50.660138           28.410725           F 
Rivne                           4                   0.000161            11                  36.28               0.30                0.29                226.00              5                   18.24               0.27                0.27                113.00              51.055490           26.578138           T 
Volyn                           4                   0.000161            11                  36.28               0.30                0.29                226.00              6                   18.05               0.33                0.33                113.00              51.200061           24.827734           T 
Donetsk                         5                   0.000594            48                  86.26               0.56                0.53                500.00              48                  86.26               0.56                0.53                500.00              48.016262           37.774319           T 
Zhytomyr                        6                   0.00125             49                  24.09               2.03                2.10                136.00              49                  24.09               2.03                2.10                136.00              50.660138           28.410725           T 
Sumy                            7                   0.00236             6                   23.60               0.25                0.25                136.00              6                   23.60               0.25                0.25                136.00              51.049191           34.036543           T 
Transcarpathia                  8                   0.00239             4                   19.81               0.20                0.20                114.00              4                   19.81               0.20                0.20                114.00              48.411377           23.291637           T 
Odessa                          9                   0.0130              36                  64.90               0.55                0.53                364.00              26                  40.36               0.64                0.63                228.00              47.257638           30.211073           T 
Mykolayiv                       9                   0.0130              36                  64.90               0.55                0.53                364.00              10                  24.55               0.41                0.40                136.00              47.388430           31.966877           T 
KievCity                        10                  0.0220              122                 86.92               1.40                1.47                523.00              52                  42.19               1.23                1.25                247.00              50.450142           30.551970           T 
Kiev                            10                  0.0220              122                 86.92               1.40                1.47                523.00              51                  29.90               1.71                1.75                185.00              49.995278           30.330974           T 
Chernihiv                       10                  0.0220              122                 86.92               1.40                1.47                523.00              19                  14.83               1.28                1.29                91.00               51.334116           31.917964           T 
Zaporizhzhya                    11                  0.0300              53                  30.88               1.72                1.77                182.00              53                  30.88               1.72                1.77                182.00              47.255934           35.773186           T 
Vinnytsya                       12                  0.0920              12                  26.84               0.45                0.44                159.00              12                  26.84               0.45                0.44                159.00              49.233793           28.479677           F 
Chernivtsi                      13                  0.270               13                  25.93               0.50                0.49                136.00              13                  25.93               0.50                0.49                136.00              48.279644           25.933146           F 
Dnipropetrovsk                  14                  0.798               43                  58.31               0.74                0.72                341.00              43                  58.31               0.74                0.72                341.00              48.459903           35.000339           F 
Lviv                            15                  0.814               28                  40.64               0.69                0.68                251.00              28                  40.64               0.69                0.68                251.00              49.841129           24.045140           F 
