LLR                 
3.337115            
3.772488            
3.367379            
6.730021            
3.602925            
5.136715            
3.220847            
3.183990            
3.410291            
4.215951            
3.410291            
1.722677            
3.760736            
2.798062            
2.150273            
2.079067            
2.267327            
3.658784            
3.154536            
2.212243            
2.689241            
3.587281            
2.778899            
1.606492            
1.862922            
4.277446            
4.652996            
8.070063            
3.902544            
3.264455            
3.991582            
3.306794            
2.991811            
2.434718            
3.071252            
2.270778            
2.991811            
1.995812            
4.805550            
3.664157            
1.562654            
3.396397            
3.991582            
3.991582            
2.990727            
1.596287            
1.664849            
2.484929            
2.142550            
3.410291            
1.878514            
1.874795            
4.531056            
3.071536            
3.158874            
2.991811            
4.545230            
3.519394            
2.718090            
3.582453            
3.025661            
1.740743            
2.704466            
3.410291            
3.208968            
3.991582            
3.952123            
2.597228            
2.591882            
2.841723            
5.675740            
2.019885            
1.623067            
2.145085            
4.174400            
2.084751            
3.742581            
2.199252            
3.354739            
4.333770            
2.968941            
3.727501            
2.347543            
3.901574            
3.648342            
3.773191            
4.564963            
4.112512            
4.900129            
3.051304            
2.085487            
3.758532            
4.061413            
5.313514            
1.596287            
2.592260            
2.459420            
3.553537            
4.005258            
4.891522            
2.423514            
3.919276            
3.049857            
4.666097            
2.599407            
3.108433            
3.061933            
3.991582            
4.531056            
2.813442            
3.099723            
2.580188            
2.723153            
2.199252            
3.540970            
3.772488            
4.918557            
2.345704            
1.300844            
2.527747            
3.266241            
2.820600            
3.568529            
4.172890            
1.684985            
2.059477            
5.952448            
2.663499            
1.593663            
6.721488            
1.363108            
2.606449            
3.467211            
3.201229            
3.237519            
4.491986            
5.027934            
3.658784            
3.784115            
3.367379            
3.582453            
2.991811            
3.630369            
3.540970            
3.867888            
2.373991            
4.891522            
2.372046            
3.529728            
4.964608            
4.679689            
3.025661            
2.700555            
2.355965            
1.934480            
3.327644            
1.631119            
4.116698            
4.295485            
1.606492            
3.582453            
4.631883            
3.212583            
2.470202            
4.210833            
7.103236            
2.006985            
3.572743            
3.264455            
2.049024            
3.582453            
2.926343            
3.490207            
2.098030            
3.827605            
1.174549            
3.110557            
6.394971            
3.737097            
4.116698            
4.034305            
3.902544            
3.529728            
2.778899            
3.079902            
2.471226            
2.726478            
1.910258            
4.679689            
2.484929            
3.217979            
4.064695            
3.582453            
4.170088            
2.180713            
3.888697            
3.337115            
3.733628            
1.597234            
2.606449            
4.657294            
5.014393            
2.709016            
1.469564            
3.264455            
5.773643            
2.718188            
1.347759            
4.429794            
3.991582            
4.657294            
1.554864            
4.531056            
2.608194            
4.023054            
3.867888            
5.136715            
3.991582            
2.049024            
5.611815            
2.142663            
7.752894            
2.267327            
4.647207            
3.827605            
3.410291            
1.916116            
3.902544            
5.295686            
1.606492            
2.465683            
3.867888            
2.411015            
2.561102            
2.571768            
3.392070            
2.907939            
2.441701            
2.741963            
3.572743            
3.587281            
2.842012            
6.795868            
2.101360            
3.346078            
1.851560            
2.219210            
2.315196            
3.841754            
4.628744            
3.504871            
2.959293            
2.484929            
3.919276            
3.639806            
3.108433            
2.563985            
2.880863            
6.446105            
3.208968            
4.511306            
2.698778            
3.885853            
4.286992            
4.587221            
4.008019            
2.606449            
8.292798            
3.208968            
2.409543            
2.606449            
3.529728            
2.718090            
2.841723            
6.225004            
3.327644            
2.825436            
3.386189            
3.582453            
2.267327            
3.201229            
3.844680            
2.522687            
6.792928            
3.060264            
3.108433            
7.019710            
1.790562            
2.150867            
3.108433            
3.208968            
2.073163            
2.516345            
1.638399            
1.965851            
3.732655            
3.208968            
5.327731            
5.330159            
1.530140            
3.208968            
1.744346            
4.491986            
2.471226            
2.006336            
3.420401            
2.606449            
3.108433            
3.327644            
5.520554            
3.963720            
3.209134            
3.582453            
3.867888            
3.752661            
3.867888            
2.049024            
1.897959            
3.582453            
1.347759            
3.867888            
12.906940           
3.902544            
2.372046            
4.957241            
1.205923            
3.772488            
5.850575            
3.879470            
3.013366            
3.589504            
3.773434            
4.769629            
4.689703            
3.902544            
4.828953            
3.563125            
2.378128            
1.487830            
3.867888            
2.693328            
2.212544            
4.005258            
3.902544            
3.589504            
4.395029            
6.494169            
3.984697            
2.312599            
1.958514            
5.867051            
3.208968            
4.488645            
3.582453            
4.110910            
4.028793            
2.476611            
4.705455            
3.264455            
3.997385            
2.755402            
2.991811            
6.539387            
3.706081            
3.521138            
1.910240            
2.606449            
3.386189            
1.134231            
3.902544            
2.991811            
2.534336            
2.907939            
2.606449            
3.529728            
3.434567            
2.766442            
2.017051            
3.581576            
2.629730            
3.639806            
3.991582            
3.582453            
1.934480            
3.830875            
3.405481            
4.531056            
3.013366            
1.325476            
2.841723            
3.108433            
3.071252            
2.516345            
3.572743            
4.298983            
2.841723            
2.145085            
4.206786            
5.425684            
4.667825            
