LLR                 
3.819472            
2.792907            
2.909707            
4.252064            
1.110957            
4.284336            
3.486042            
4.153713            
4.480412            
3.570363            
3.360071            
3.994046            
3.013681            
3.412669            
4.008216            
2.388313            
8.389591            
1.791760            
2.846407            
1.177312            
3.260737            
4.440123            
3.543264            
4.577099            
2.790467            
2.571376            
3.222718            
4.042656            
5.220495            
2.595755            
3.673407            
3.412507            
3.949200            
2.263461            
3.792959            
4.438903            
2.466243            
2.874997            
3.651250            
3.024131            
1.791140            
5.455271            
4.065242            
3.394484            
4.957032            
3.188195            
3.767813            
3.509307            
1.361755            
5.115887            
3.180378            
1.094637            
3.039804            
3.856428            
3.727501            
3.280246            
6.046788            
2.318066            
2.625749            
2.130634            
4.373615            
1.839574            
2.696582            
3.280461            
2.867339            
3.569611            
2.549594            
3.650325            
3.057878            
3.188195            
5.090688            
3.549507            
3.671511            
4.517419            
2.485096            
2.778328            
4.257778            
4.039344            
2.391801            
4.335982            
2.829110            
5.886367            
7.577422            
5.763707            
3.901971            
3.556900            
2.137539            
3.098351            
4.559616            
5.068458            
3.489730            
3.757197            
2.507198            
4.612254            
2.419510            
4.385803            
3.096433            
3.159101            
3.853184            
3.287803            
5.602951            
1.538678            
2.475011            
5.312999            
2.982771            
1.900762            
3.027356            
1.890190            
3.426203            
2.897085            
2.340610            
1.731164            
4.011041            
3.601758            
2.870845            
5.525009            
3.468098            
4.016780            
1.415391            
2.590842            
2.523288            
1.822285            
3.106661            
4.469368            
4.337506            
2.239179            
3.586238            
1.371795            
2.199529            
2.592491            
4.998401            
1.621259            
4.293339            
2.514703            
3.403868            
2.571264            
2.193078            
4.002601            
2.090407            
2.419107            
2.738598            
3.393215            
5.126945            
3.199503            
3.033952            
2.851688            
3.983459            
4.612254            
4.538325            
4.016143            
4.011041            
2.317635            
3.684582            
1.470694            
2.891366            
2.364446            
1.782984            
4.979286            
3.466811            
2.862486            
2.226652            
4.056996            
2.333526            
2.559496            
2.538461            
4.133521            
1.413607            
3.738883            
2.618773            
2.514703            
2.228941            
3.431405            
5.231735            
2.624950            
4.064419            
2.564023            
2.908219            
3.252615            
5.001769            
4.375161            
3.650029            
3.297945            
2.756864            
2.263461            
2.335502            
4.803695            
1.577331            
5.436870            
4.337506            
4.840830            
2.766613            
2.736180            
2.400475            
2.438647            
3.062231            
2.845896            
3.907939            
2.540292            
2.408252            
2.177032            
2.897085            
4.954172            
2.724593            
3.820645            
2.061183            
5.494594            
4.038796            
2.124208            
3.374736            
2.392873            
2.011970            
3.407048            
4.098007            
3.043134            
2.092512            
5.026434            
3.226711            
2.737644            
3.752645            
2.671721            
3.843020            
6.353276            
3.647824            
4.067858            
4.018660            
3.999022            
3.060725            
1.657406            
2.204050            
2.111938            
3.700851            
2.213308            
2.425069            
2.891619            
3.380068            
2.351155            
3.660344            
3.983459            
5.048445            
7.222096            
1.955122            
2.928916            
3.254338            
2.086779            
3.895610            
3.344869            
4.507875            
2.269752            
4.054840            
7.499335            
3.847708            
2.752947            
2.765571            
1.418441            
3.391505            
3.053890            
5.680125            
4.103778            
2.065347            
3.158041            
3.159101            
2.963866            
2.609537            
3.456201            
6.164011            
1.456665            
4.006347            
2.881007            
2.191109            
2.219360            
4.013246            
5.765308            
2.292720            
3.412669            
1.765663            
2.498085            
6.448743            
3.289146            
3.684582            
2.748781            
4.599141            
7.529305            
3.216177            
3.766546            
2.087710            
1.281847            
3.581483            
2.839422            
1.463562            
3.372965            
3.767813            
1.480555            
2.191109            
3.283576            
1.983569            
3.026193            
3.071087            
4.159644            
5.723188            
1.985785            
4.374633            
6.538052            
3.491502            
2.751663            
1.131358            
2.203745            
1.020872            
3.678208            
4.072371            
1.573088            
2.829573            
3.283576            
4.072371            
2.032806            
1.873054            
4.905664            
2.506794            
1.983825            
3.982823            
3.294281            
5.127486            
4.391630            
2.578853            
3.427171            
4.547389            
3.722705            
4.345180            
4.311957            
4.930425            
1.828541            
5.189779            
2.088268            
2.446750            
2.341308            
2.984638            
3.581480            
4.234583            
2.177032            
3.935285            
1.794446            
2.262286            
2.918396            
2.271143            
2.948202            
3.188195            
2.586703            
6.420361            
3.777176            
2.830151            
3.033952            
2.904100            
4.050476            
4.331681            
5.547070            
1.628558            
3.530137            
3.532067            
3.585105            
2.974344            
5.190085            
3.797174            
3.464380            
3.861018            
2.349572            
1.765923            
7.055773            
3.601476            
1.737793            
2.159315            
2.936575            
3.651250            
5.835197            
2.191109            
3.106661            
4.440443            
1.634323            
2.095017            
1.734295            
3.211498            
3.407048            
1.928502            
9.178621            
2.736180            
2.233594            
2.041289            
3.856428            
3.491502            
2.941833            
2.090407            
2.736180            
4.475644            
4.042656            
2.535729            
3.422114            
4.387034            
2.736180            
1.794084            
1.785996            
1.432940            
2.252347            
1.905662            
2.812825            
2.640812            
5.247191            
3.010025            
2.573647            
3.607870            
1.656373            
3.261917            
7.087943            
3.085826            
1.937046            
5.126945            
3.320624            
1.805036            
1.542127            
3.623597            
1.577331            
2.317888            
2.128884            
4.563852            
3.000995            
3.584801            
2.598338            
2.309192            
3.045441            
1.810985            
3.448790            
2.950028            
2.814428            
1.785996            
2.371922            
3.641392            
5.634133            
5.547070            
1.998635            
2.170578            
1.868517            
2.856401            
4.679736            
2.984542            
2.545257            
6.093053            
2.499290            
2.364446            
5.682242            
1.051255            
3.367325            
2.364446            
2.696582            
2.131668            
2.483744            
2.377300            
5.490687            
2.596936            
3.210820            
1.780633            
5.643026            
2.213308            
2.425097            
2.081396            
3.199503            
4.453373            
2.279648            
2.204050            
2.564368            
8.758036            
2.762470            
1.655711            
3.399976            
2.873307            
2.608546            
4.493406            
2.774495            
4.853493            
2.975198            
2.963235            
2.793994            
3.407048            
3.883742            
1.269817            
3.403868            
1.861485            
1.891465            
5.880749            
2.679846            
3.607870            
4.155270            
2.076903            
3.197909            
3.883742            
3.988892            
2.904100            
1.382075            
2.577074            
4.616586            
2.934792            
5.077835            
5.940895            
4.538723            
3.982823            
1.765663            
3.046968            
2.364446            
6.755171            
1.887384            
2.252347            
2.908524            
5.292353            
2.845896            
4.915532            
3.777176            
1.911217            
1.981226            
5.035244            
2.542571            
1.442927            
2.950028            
2.811840            
1.635351            
4.495845            
2.990959            
4.561748            
2.099635            
3.011708            
4.168176            
5.815072            
4.495845            
2.104323            
3.166689            
2.751663            
4.927788            
1.978025            
3.456566            
2.574579            
3.084013            
2.791670            
8.305737            
3.234833            
4.046084            
4.518264            
3.154656            
1.359319            
2.845896            
2.296029            
2.690965            
2.768606            
1.200307            
1.567315            
2.011970            
6.596365            
4.050476            
4.306361            
2.592738            
3.333186            
3.468098            
4.990888            
3.874702            
1.399500            
5.601359            
3.403376            
3.827171            
3.180023            
7.188743            
3.045747            
4.496748            
3.872177            
1.775491            
3.752645            
1.676563            
4.790721            
2.977103            
3.315682            
3.161087            
3.632867            
3.890029            
1.362574            
2.639023            
0.918926            
2.321215            
3.641189            
4.764636            
4.548449            
3.284640            
4.013246            
2.766613            
3.503288            
3.209016            
6.330542            
2.939291            
0.893642            
3.427171            
7.434556            
2.219360            
2.802010            
2.004716            
1.170020            
2.093666            
1.516593            
4.785982            
2.856401            
2.486581            
4.008216            
2.263461            
2.549594            
4.012430            
4.568264            
4.135527            
3.412669            
2.061183            
6.920634            
2.226652            
4.573327            
4.315366            
1.791502            
2.263461            
4.380478            
5.152082            
2.545257            
4.304076            
4.367386            
2.475011            
2.918396            
1.609430            
3.610624            
2.574579            
4.094107            
3.456201            
4.238083            
4.784480            
2.496297            
3.684582            
3.610065            
3.412669            
3.785913            
4.920354            
4.457941            
4.434173            
3.260737            
2.204050            
4.206825            
2.203347            
2.660884            
1.831000            
2.818288            
6.143444            
4.607753            
1.981226            
2.571264            
5.666168            
2.090407            
3.883742            
4.711638            
2.226652            
4.337506            
1.637958            
1.599381            
3.404975            
4.489238            
5.303888            
2.807481            
3.096433            
5.856378            
2.253205            
2.434881            
5.262926            
2.087012            
3.363787            
4.693194            
1.645007            
7.254507            
3.777176            
1.737793            
2.121183            
1.981226            
3.289146            
1.266125            
3.767813            
2.551829            
2.874997            
3.399976            
5.649138            
2.621400            
3.891178            
2.845896            
3.466811            
1.655732            
5.435742            
2.749717            
2.809168            
3.735487            
3.443164            
5.689212            
2.757603            
4.609416            
3.651250            
2.621400            
5.383108            
3.569611            
5.835197            
2.705739            
3.086540            
4.380478            
2.364446            
2.170578            
1.781751            
3.988892            
3.122328            
2.829573            
3.767210            
4.841091            
3.403868            
1.820787            
3.564467            
1.837597            
5.128734            
4.135527            
2.747205            
4.416637            
2.087012            
3.260947            
6.164011            
2.567167            
5.081716            
3.623597            
2.323758            
6.155133            
4.679736            
2.438647            
2.425062            
0.795702            
2.098509            
3.859921            
4.982324            
1.775314            
4.388615            
1.717641            
1.649582            
2.545257            
5.198526            
4.056213            
5.531635            
3.585642            
2.020968            
5.455045            
2.434881            
3.607870            
2.044739            
1.509275            
1.744824            
2.705739            
2.545257            
6.897876            
3.430856            
2.927386            
5.219655            
1.859273            
2.736180            
2.278121            
3.344022            
3.953235            
4.337506            
3.787495            
4.538325            
2.816763            
3.284640            
4.893925            
2.797147            
2.409993            
3.568531            
3.566913            
6.241796            
1.980725            
2.659929            
2.269752            
3.603976            
1.442927            
4.625943            
2.499290            
4.304076            
3.347530            
3.543264            
1.763060            
1.507457            
3.399976            
2.407389            
4.544315            
4.016780            
2.778328            
3.468583            
2.186635            
4.007503            
1.867286            
4.006347            
9.805976            
2.263461            
1.763060            
2.897085            
2.551829            
3.370013            
3.646792            
2.766613            
2.530510            
2.640074            
5.020494            
2.774152            
4.016143            
3.345457            
2.845896            
1.937647            
2.239179            
4.651389            
2.514703            
3.696673            
2.037671            
6.669704            
1.901253            
2.103015            
2.062558            
4.914400            
2.792964            
2.740377            
4.538325            
6.302749            
3.641392            
2.870845            
4.594593            
4.425033            
3.730533            
2.399996            
2.627373            
2.170578            
2.874997            
4.769773            
2.822111            
3.184573            
3.006669            
2.093025            
3.150739            
2.559310            
2.751663            
2.385189            
3.393643            
2.204455            
5.036241            
2.845896            
2.026649            
3.723584            
4.480639            
3.613490            
1.959269            
4.291406            
2.213308            
3.378979            
2.954746            
1.794090            
4.153299            
1.872443            
3.210820            
3.907939            
2.625688            
3.061881            
2.464771            
3.613490            
3.861018            
1.566314            
5.932312            
1.978025            
3.343528            
4.016143            
2.054551            
7.625857            
4.858026            
2.131668            
3.071119            
3.297945            
1.921115            
6.155481            
1.371795            
2.377300            
4.037612            
3.209807            
1.785996            
2.549594            
2.219132            
5.223830            
8.448377            
2.486581            
3.716740            
4.585406            
2.311933            
1.686014            
2.712335            
3.393215            
5.864824            
5.724777            
3.244718            
2.545257            
3.544330            
2.571264            
1.667746            
1.656373            
3.520677            
3.360071            
3.886285            
4.311957            
5.175613            
1.793174            
4.125262            
2.164394            
3.978019            
4.159644            
3.987803            
4.234583            
3.438452            
3.193350            
3.604640            
5.083303            
3.277630            
3.690949            
6.436192            
2.766613            
4.440443            
3.703229            
1.600579            
2.333526            
5.943772            
2.471094            
3.651250            
5.715272            
2.055242            
2.690905            
2.766613            
1.414447            
3.564776            
3.057846            
2.391801            
5.502275            
3.651250            
2.759203            
3.407048            
6.569860            
3.393215            
3.268600            
3.290501            
1.866005            
1.662799            
5.632591            
1.872861            
2.204651            
3.853184            
1.930582            
5.205612            
2.909707            
2.364446            
2.673446            
3.878568            
3.696609            
1.816518            
3.208136            
3.275611            
4.602882            
2.324827            
2.514703            
3.613490            
2.402064            
3.907939            
3.344022            
1.762471            
2.429446            
3.564467            
3.304021            
1.617940            
2.456914            
3.632345            
2.239179            
3.696175            
5.220495            
2.154836            
3.183149            
2.090407            
3.617907            
5.679276            
1.246265            
2.102473            
3.943496            
4.234583            
1.818636            
1.485609            
4.387034            
2.997636            
4.217752            
2.870845            
2.793994            
3.654027            
5.512146            
1.614794            
3.416014            
3.275611            
